873
449
1627
308
1035
721
1984
591
1278
946
1664
402
135
1897
34
798
1123
672
1832
513
923
759
1476
1101
1863
380
1019
671
231
1684
432
1637
915
498
770
1224
1148
1472
951
1865
1135
623
1612
823
365
1079
436
1758
655
1974
289
742
1325
825
1911
1249
519
1418
768
1237
593
1350
319
1585
1120
713
1645
392
857
1086
456
1527
702
1210
417
871
1082
1536
597
1996
359
794
1459
827
1216
685
1973
434
1081
1613
910
548
1002
1720
1239
761
1586
785
1519
1469
488
819
1634
1013
1894
546
951
1320
1833
1093
679
1365
843
1151
1757
309
1728
612
1032
1482
1117
1672
588
1494
1084
789
1422
361
960
1868
450
1313
781
1532
655
1971
394
894
1264
990
1606
868
1000
669
1791
231
699
1347
519
1582
795
1557
786
1652
1042
1242
556
1706
1476
931
1192
816
1769
592
1689
419
1577
956
1324
448
1039
1254
376
1444
1197
701
1261
602
1031
1349
1155
1801
579
1406
911
1898
648
1157
967
1603
439
846
1549
806
1729
459
994
1316
1754
372
1997
998
792
1990
727
1386
595
1196
988
1924
824
1554
1048
1413
586
1218
785
1167
1757
428
1515
1095
1700
1138
1671
1501
1071
1880
868
1284
759
1381
1906
1163
1662
1043
1268
434
1780
594
1115
1674
462
1509
1242
996
1123
1059
1411
738
1058
967
1597
1507
617
1320
1781
911
1444
464
998
1348
1913
650
1035
1100
1837
416
1680
1530
903
1676
487
1057
1137
1558
1212
1780
994
1141
1879
435
1567
455
1363
1264
1399
1864
795
1646
1222
1127
859
1294
413
1689
1580
1744
650
1176
1152
796
1083
1731
1060
721
1774
551
1410
1190
1053
1117
1048
1492
1444
1696
1303
1071
1111
596
1763
641
1117
1354
1809
1187
1544
836
1677
1092
1252
872
1149
787
1605
1002
1742
1547
1427
1263
961
1476
894
1516
1566
1745
1022
1695
1309
1911
592
1600
840
1324
890
1065
1405
1225
1113
946
1944
1033
1737
766
1606
1056
1240
869
1725
1277
864
1552
1607
1917
1657
1055
1414
1224
952
1073
1505
1373
1586
827
1272
1346
1761
1144
1017
877
1407
1924
980
1401
1097
1093
1469
1506
1717
1569
1467
846
1462
1306
1775
1485
1706
1370
1127
1506
1083
756
1190
2041
443
1789
652
1308
982
1617
301
1954
631
1142
1659
873
1445
1980
1057
1756
1275
693
1935
850
1074
1367
1879
411
1405
968
1822
551
1263
802
1561
1115
1992
323
1754
1359
615
1188
815
1610
958
1904
477
1320
1036
1697
759
1386
2051
1216
1872
605
1713
1233
850
1948
520
1071
1654
1123
1517
978
1967
675
1401
821
1785
1434
484
2057
1615
1063
1997
1109
1843
1298
753
1932
348
1635
902
1965
1579
473
1098
852
1909
1143
1668
685
1431
830
1200
1347
1814
611
1513
989
1983
789
1737
1086
1248
655
2059
1371
1554
795
1821
936
1691
1213
504
1476
850
1907
1455
1030
1344
739
1682
587
1127
1982
1504
1317
886
1612
782
1780
646
1947
1569
1205
1656
548
1264
865
1710
597
1100
1903
842
1398
1166
1447
941
2035
635
1577
1094
1943
774
1704
1389
1050
1500
536
1826
1185
832
1591
964
2017
732
1286
1752
1099
1486
600
1427
851
1192
1667
2052
1392
916
1895
552
1279
1784
654
1469
1658
1159
1012
2011
782
1383
583
1152
1933
1461
1684
964
1880
1056
1767
819
1348
1316
1149
1981
554
1927
874
1660
1442
2045
1161
1825
654
1583
942
1354
1148
1999
486
1202
751
1703
2040
1776
1041
1940
1064
1438
950
1313
753
1855
1423
1589
793
1889
1261
1763
1058
1631
1198
1013
1938
1553
1759
1154
1913
850
1360
1846
685
1576
1440
1039
1666
2026
1141
1698
1102
1334
887
1340
713
1760
1953
1519
1206
1004
833
1404
1556
1609
1781
1045
1418
623
2029
1675
1477
948
1897
1931
1134
1092
1029
1730
1622
1866
878
1274
1512
602
1681
1876
858
1129
1470
1108
1555
849
2053
1156
1393
646
1741
1768
1922
1803
1338
1650
1312
961
1269
2063
1150
1532
838
1125
1966
695
1762
992
1899
1769
1437
1357
1516
1057
1930
870
1287
1174
2050
1818
1830
1552
1256
1025
1608
854
1765
941
1187
1664
1015
1538
789
1237
1785
1389
936
1243
1687
1932
1110
1574
895
1462
1196
1743
841
2018
1102
1648
1346
942
1863
1305
1521
788
1129
1667
1050
1234
1578
1911
1436
1702
989
1365
1539
1020
1788
1143
1248
1612
932
1861
1382
1938
1065
1567
1033
1759
1952
1183
1696
805
1106
1464
1334
1832
1120
1804
1533
914
2030
1295
1076
1555
1987
1177
1633
1376
1031
1684
798
1882
1435
1800
1969
1557
930
1766
1475
1950
1297
1871
1014
1205
1616
1457
1654
1179
2003
1400
1764
1569
1875
1013
1937
841
1547
1122
1821
1460
1697
1284
1984
1052
1723
1480
1705
1949
1269
1568
1356
1104
1890
831
1233
1024
1869
1499
1043
1758
1846
1107
1193
1941
1671
1340
1992
1805
1989
947
1281
1471
1566
1841
1019
1963
1375
1715
1112
1627
1026
1590
941
1453
1767
1263
1924
1396
1629
988
1254
1910
1522
1075
1806
1101
1983
1685
1156
1701
1347
1142
1787
863
1853
1510
1448
1204
1412
991
1235
1849
1691
1088
1919
976
1545
1157
1836
1392
1978
1044
1912
870
1287
1518
1611
1227
1988
1534
1150
1449
1866
1149
1892
872
1322
1752
1277
1553
1482
1730
1089
1511
1625
1127
1247
986
1807
1082
1603
1825
1213
1699
1431
1683
1302
1515
1738
1345
1644
1048
1176
1944
1168
1957
908
1388
1689
1520
1246
1809
1099
1916
1394
1180
1904
1581
1973
1195
1476
1897
1085
1690
1037
1751
1981
1116
1955
1399
1842
1337
1528
1624
1746
1194
1908
1405
1275
1094
1481
1357
1870
860
1001
1062
1903
1202
1744
1301
1350
1776
1274
1900
1661
1506
1339
1642
1852
1140
1962
1011
1395
1722
1659
1231
1419
1121
1653
1053
1636
1434
1532
1990
970
1680
1563
1172
1093
1556
1159
1801
1117
1384
1030
1721
1288
1536
1742
1610
1523
1187
1432
1519
1647
1714
1451
1939
1338
1126
1398
1623
1005
1783
1245
1330
1401
1576
1505
1799
1381
1239
1620
1411
1060
1333
1826
990
1079
1931
1668
1214
1845
1997
1070
1704
1541
1046
1732
1956
1190
1353
1619
1306
1692
1749
1410
1208
1597
1862
1098
1818
1467
1585
1182
1074
1878
1966
980
1525
1458
1737
1114
1800
1676
1864
1641
1012
1364
1947
1109
1789
1493
1154
1433
1707
1063
1387
1594
1003
1779
1524
1999
1940
1498
1319
1843
1230
1808
1770
1170
1640
1747
1980
1588
1765
1331
1626
1111
1925
1456
1791
1173
1618
1368
1762
1161
1913
1516
1032
1526
1755
1105
1895
1386
1923
1678
1163
1343
1803
1223
1473
1151
1700
1091
1486
1559
1124
1902
1761
1304
1575
1047
1535
1652
1136
1896
1673
1959
1066
1725
1592
1468
1415
1827
1868
1007
1017
1596
1242
1775
1406
1496
1898
1918
1985
1876
1279
1171
1363
1933
1560
1265
1530
1203
1968
1034
1130
1650
1816
1068
1727
1867
1391
1926
1649
1138
1417
1942
1517
1474
1125
1454
1717
1580
1244
1828
1272
1753
1995
1706
1165
1036
1778
1577
1069
1217
1850
1351
1380
1677
1929
1763
1664
1015
1538
789
1237
1785
1389
936
1243
1687
1932
1110
1574
895
1462
1196
1743
841
2018
1102
1648
1346
942
1863
1305
1521
788
1129
1667
1050
1234
1578
1911
1436
1702
989
1365
1539
1020
1788
1143
1248
1612
932
1861
1382
1938
1065
1567
1033
1759
1952
1183
1696
805
1106
1464
1334
1832
1120
1804
1533
914
2030
1295
1076
1555
1987
1177
1633
1376
1031
1684
798
1882
1435
1800
1969
1557
930
1766
1475
1950
1297
1871
1014
1205
1616
1457
1654
1179
2003
1400
1764
1569
1875
1013
1937
841
1547
1122
1821
1460
1697
1284
1984
1052
1723
1480
1705
1949
1269
1568
1356
1104
1890
831
1233
1024
1869
1499
1043
1758
1846
1107
1193
1941
1671
1340
1992
1805
1989
947
1281
1471
1566
1841
1019
1963
1375
1715
1112
1627
1026
1590
941
1453
1767
1263
1924
1396
1629
988
1254
1910
1522
1075
1806
1101
1983
1685
1156
1701
1347
1142
1787
863
1853
1510
1448
1204
1412
991
1235
1849
1691
1088
1919
976
1545
1157
1836
1392
1978
1044
1912
870
1287
1518
1611
1227
1988
1534
1150
1449
1866
1149
1892
872
1322
1752
1277
1553
1482
1730
1089
1511
1625
1127
1247
986
1807
1082
1603
1825
1213
1699
1431
1683
1302
1515
1738
1345
1644
1048
1176
1944
1168
1957
908
1388
1689
1520
1246
1809
1099
1916
1394
1180
1904
1581
1973
1195
1476
1897
1085
1690
1037
1751
1981
1116
1955
1399
1842
1337
1528
1624
1746
1194
1908
1405
1275
1094
1481
1357
1870
860
1001
1062
1903
1202
1744
1301
1350
1776
1274
1900
1661
1506
1339
1642
1852
1140
1962
1011
1395
1722
1659
1231
1419
1121
1653
1053
1636
1434
1532
1990
970
1680
1563
1172
1093
1556
1159
1801
1117
1384
1030
1721
1288
1536
1742
1610
1523
1187
1432
1519
1647
1714
1451
1939
1338
1126
1398
1623
1005
1783
1245
1330
1401
1576
1505
1799
1381
1239
1620
1411
1060
1333
1826
990
1079
1931
1668
1214
1845
1997
1070
1704
1541
1046
1732
1956
1190
1353
1619
1306
1692
1749
1410
1208
1597
1862
1098
1818
1467
1585
1182
1074
1878
1966
980
1525
1458
1737
1114
1800
1676
1864
1641
1012
1364
1947
1109
1789
1493
1154
1433
1707
1063
1387
1594
1003
1779
1524
1999
1940
149
1902
1761
1304
1575
1047
1535
1652
1136
1896
1673
1959
1066
1725
1592
1468
1415
1827
1868
1007
1017
1596
1242
1775
1406
1496
1898
1918
1985
1876
1279
1171
1363
1933
1560
1265
1530
1203
1968
1034
1130
1650
1816
1068
1727
1867
1391
1926
1649
1138
1417
1942
1517
1474
1125
1454
1717
1580
1244
1828
1272
1753
1995
1706
1165
1036
1778
1577
1069
1217
1850
1351
1380
1677
1929
1763
756
1190
2041
443
1789
652
1308
982
1617
301
1954
631
1142
1659
873
1445
1980
1057
1756
1275
693
1935
850
1074
1367
1879
411
1405
968
1822
551
1263
802
1561
1115
1992
323
1754
1359
615
1188
815
1610
958
1904
477
1320
1036
1697
759
1386
2051
1216
1872
605
1713
1233
850
1948
520
1071
1654
1123
1517
978
1967
675
1401
821
1785
1434
484
2057
1615
1063
1997
1109
1843
1298
753
1932
348
1635
902
1965
1579
473
1098
852
1909
1143
1668
685
1431
830
1200
1347
1814
611
1513
989
1983
789
1737
1086
1248
655
2059
1371
1554
795
1821
936
1691
1213
504
1476
850
1907
1455
1030
1344
739
1682
587
1127
1982
1504
1317
886
1612
782
1780
646
1947
1569
1205
1656
548
1264
865
1710
597
1100
1903
842
1398
1166
1447
941
2035
635
1577
1094
1943
774
1704
1389
1050
1500
536
1826
1185
832
1591
964
2017
732
1286
1752
1099
1486
600
1427
851
1192
1667
2052
1392
916
1895
552
1279
1784
654
1469
1658
1159
1012
2011
782
1383
583
1152
1933
1461
1684
964
1880
1056
1767
819
1348
1316
1149
1981
554
1927
874
1660
1442
2045
1161
1825
654
1583
942
1354
1148
1999
486
1202
751
1703
2040
1776
1041
1940
1064
1438
950
1313
753
1855
1423
1589
793
1889
1261
1763
1058
1631
1198
1013
1938
1553
1759
1154
1913
850
1360
1846
685
1576
1440
1039
1666
2026
1141
1698
1102
1334
887
1340
713
1760
1953
1519
1206
1004
833
1404
1556
1609
1781
1045
1418
623
2029
1675
1477
948
1897
1931
1134
1092
1029
1730
1622
1866
878
1274
1512
602
1681
1876
858
1129
1470
1108
1555
849
2053